-skipped line0  6.600000 18.500000 2.900000 3.000000
1  2.300000 15.600000 1.300000 0.600000
2  4.300000 17.500000 1.300000 0.600000
3  2.200000 9.400000 2.200000 0.800000
4  5.100000 18.900000 2.200000 0.800000
5  0.700000 18.900000 2.200000 0.800000
6  2.200000 19.600000 2.200000 0.800000
7  16.200000 16.600000 7.500000 6.700000
8  4.600000 16.500000 1.300000 0.600000
9  4.600000 14.200000 1.300000 0.600000
10  0.400000 17.500000 1.300000 0.600000
11  0.400000 15.200000 1.300000 0.600000
12  0.600000 16.500000 1.300000 0.600000
13  0.600000 14.200000 1.300000 0.600000
14  2.600000 18.300000 1.300000 0.600000
15  2.600000 17.100000 1.300000 0.600000
16  2.600000 14.600000 1.300000 0.600000
